[Derivados]
li_temp = 0
ls_temp = 50
li_den = 0.5
ls_den = 1.2
tab1a = [-0.002_462, -0.002_391, -0.002_294, -0.002_146, -0.001_92, -0.002_358, -0.001_361, -0.001_237, -0.001_077, -0.001_011, -0.000_977, -0.001_005, -0.001_238, -0.001_084, -0.000_965, -0.000_843_5, -0.000_719, -0.000_617, -0.000_512, -0.000_394_8, -0.000_542_6,]
tab2a = [0.003215, 0.003074, 0.002887, 0.002615, 0.002214, 0.002962, 0.0013, 0.0011, 0.00085, 0.00075, 0.0007, 0.00074, 0.00105, 0.00085, 0.0007, 0.00055, 0.0004, 0.00028, 0.00016, 3e-05, 0.0001778]
tab1b = [-1.01e-05, -8.41e-06, -8.39e-06, -5.46e-06, -5.51e-06, -1.23e-05, -4.9e-07, -4.9e-07, -4.9e-07, -4.9e-07, -4.9e-07, -4.9e-07, -4.9e-07, -4.9e-07, -4.9e-07, -4.9e-07, -4.9e-07, -4.9e-07, -4.9e-07, -4.9e-07, 2.31e-06]
tab2b = [1.74e-05, 1.4e-05, 1.39e-05, 8.55e-06, 8.55e-06, 0.000202, 6e-07, 6e-07, 6e-07, 6e-07, 6e-07, 6e-07, 6e-07, 6e-07, 6e-07, 6e-07, 6e-07, 6e-07, 6e-07, 6e-07, -2.2e-06]
den_inf = [0.0, 0.498, 0.518, 0.539, 0.559, 0.579, 0.6, 0.615, 0.635, 0.655, 0.675, 0.695, 0.746, 0.766, 0.786, 0.806, 0.826, 0.846, 0.871, 0.896, 0.996]
den_sup = [0.498, 0.518, 0.539, 0.559, 0.579, 0.6, 0.615, 0.635, 0.655, 0.675, 0.695, 0.746, 0.766, 0.786, 0.806, 0.826, 0.846, 0.871, 0.896, 0.996, 2.0]